const BUDGETS = {
"2025":{
"Avignon Nord":{meta:[800,800,400,160,800,800,400,700,700,700,1200,1500],google:[800,800,400,160,800,800,300,300,300,300,300,300]},
"Avignon Sud":{meta:[800,800,800,160,800,800,495,700,700,700,1200,1500],google:[800,800,800,160,800,800,300,300,300,300,300,300]},
"Biganos":{meta:[0,500,300,300,500,500,500,700,700,700,700,700],google:[0,700,300,300,700,700,700,500,500,500,500,500]},
"Chambery":{meta:[300,300,300,500,500,500,1000,1000,1000,1000,1000,1000],google:[300,300,300,500,500,500,600,600,600,500,500,500]},
"Aubiere":{meta:[300,300,300,1000,1000,1000,1000,1000,1000,1000,1700,2000],google:[300,300,300,300,300,300,300,300,300,300,300,300]},
"Grenoble":{meta:[400,400,300,300,300,300,495,700,700,700,700,700],google:[400,400,300,300,300,300,300,300,300,300,300,300]},
"Jacou":{meta:[300,300,300,0,0,0,0,0,0,0,0,0],google:[300,300,300,0,0,0,0,0,0,0,0,0]},
"Lyon":{meta:[300,300,300,300,300,300,495,700,700,700,700,700],google:[400,400,300,300,300,300,300,300,300,300,300,300]},
"Montelimar":{meta:[300,300,300,300,300,300,495,700,700,700,700,700],google:[300,300,300,300,300,300,300,300,300,300,300,300]},
"Nimes":{meta:[0,0,0,0,0,1000,1000,1000,1000,1000,1000,1000],google:[0,0,0,0,0,300,300,300,300,300,300,300]},
"Sainte-Eulalie":{meta:[300,300,300,1000,1000,1000,1000,1000,1000,1000,1000,1000],google:[300,300,300,300,300,300,300,300,300,300,300,300]},
"Tignieu":{meta:[0,400,400,400,0,0,0,0,0,0,0,0],google:[0,200,200,200,0,0,0,0,0,0,0,0]},
"Valence":{meta:[800,400,300,300,300,300,400,400,500,400,400,400],google:[800,400,300,300,300,300,300,300,300,300,300,300]},
"Salaise":{meta:[0,400,400,400,600,600,800,800,800,800,900,900],google:[0,200,200,200,200,200,400,400,400,400,500,500]},
"Villefranche":{meta:[800,800,800,1000,1000,1000,1000,1000,1000,900,900,1000],google:[400,600,600,600,600,600,600,600,600,700,700,600]}
},
"2026":{
"Avignon Nord":{meta:[700,1500,700,0,0,0,0,0,0,0,0,0],google:[300,300,300,0,0,0,0,0,0,0,0,0]},
"Avignon Sud":{meta:[700,1500,700,0,0,0,0,0,0,0,0,0],google:[300,300,300,0,0,0,0,0,0,0,0,0]},
"Biganos":{meta:[700,700,200,200,200,0,0,0,0,0,0,0],google:[500,500,0,0,0,0,0,0,0,0,0,0]},
"Chambery":{meta:[1000,1000,1000,0,0,0,0,0,0,0,0,0],google:[500,500,500,0,0,0,0,0,0,0,0,0]},
"Aubiere":{meta:[1000,2000,0,0,0,0,0,0,0,0,0,0],google:[300,300,0,0,0,0,0,0,0,0,0,0]},
"Grenoble":{meta:[700,700,700,0,0,0,0,0,0,0,0,0],google:[300,300,300,0,0,0,0,0,0,0,0,0]},
"Jacou":{meta:[0,0,0,0,0,0,0,0,0,0,0,0],google:[0,0,0,0,0,0,0,0,0,0,0,0]},
"Lyon":{meta:[700,700,700,0,0,0,0,0,0,0,0,0],google:[300,300,300,0,0,0,0,0,0,0,0,0]},
"Montelimar":{meta:[700,700,700,0,0,0,0,0,0,0,0,0],google:[300,300,300,0,0,0,0,0,0,0,0,0]},
"Nimes":{meta:[1000,1000,1000,0,0,0,0,0,0,0,0,0],google:[300,300,300,0,0,0,0,0,0,0,0,0]},
"Sainte-Eulalie":{meta:[1000,1000,1000,0,0,0,0,0,0,0,0,0],google:[300,300,300,0,0,0,0,0,0,0,0,0]},
"Tignieu":{meta:[0,0,0,0,0,0,0,0,0,0,0,0],google:[0,0,0,0,0,0,0,0,0,0,0,0]},
"Valence":{meta:[400,400,400,0,0,0,0,0,0,0,0,0],google:[300,300,300,0,0,0,0,0,0,0,0,0]},
"Salaise":{meta:[700,1800,500,400,900,400,1200,1300,800,700,700,1800],google:[300,1000,300,200,500,200,600,600,300,300,300,1000]},
"Villefranche":{meta:[500,1000,700,700,500,700,500,1000,500,700,700,1000],google:[300,500,300,300,300,300,300,500,300,300,300,500]}
}
};