const DATA_MONTHLY = {
  "2025": {
    "Avignon Nord": {
      meta_imp: [945523, 1113058, 334051, 125128, 641672, 633100, 436119, 426365, 364665, 358859, 393914, 626619],
      meta_clics: [2631, 3354, 1331, 9852, 2984, 2765, 2544, 7262, 5695, 5380, 7765, 6302],
      meta_eng: [83, 146, 482, 263, 694, 526, 381, 1107, 973, 872, 1310, 1389],
      meta_dep: [800, 800, 444, 320, 806, 800, 423, 531, 700, 700, 1200, 1500],
      meta_budget_m: [800, 800, 400, 160, 800, 800, 400, 700, 700, 700, 1200, 1500],
      google_imp: [14005, 10793, 8356, 5867, 11674, 13141, 6841, 7131, 6211, 6692, 6719, 7358],
      google_clics: [3381, 3175, 1869, 1733, 2214, 2319, 1704, 1774, 1315, 1446, 1826, 2011],
      google_dep: [973, 628, 448, 257, 860, 798, 286, 288, 291, 291, 292, 293],
      google_budget_m: [800, 800, 400, 160, 800, 800, 300, 300, 300, 300, 300, 300],
      gmb_imp: [9212, 8633, 8495, 7403, 7348, 6503, 6511, 11468, 8834, 9100, 13309, 14273],
      appels: [95, 70, 47, 69, 83, 59, 72, 75, 76, 71, 62, 54],
      itineraires: [238, 277, 268, 271, 243, 244, 390, 479, 285, 333, 295, 309],
      gmb_note: [5, 5, 5, 5, 4.8, 5, 5, 5, 5, 5, 4.9, 5],
      visites: [6789, 5591, 3028, 1960, 3941, 4283, 4182, 4560, 2786, 3319, 3397, 3933],
      ca_ttc: [107235, 134493, 105942, 93382, 96391, 94151, 128650, 141704, 99771, 114305, 118955, 164802]
    },
    "Avignon Sud": {
      meta_imp: [1008386, 1154736, 566870, 125128, 565097, 594774, 462714, 631517, 482516, 360151, 378772, 644720],
      meta_clics: [2632, 2979, 2035, 9852, 704, 663, 2762, 10304, 5473, 5507, 6278, 5333],
      meta_eng: [71, 52, 704, 263, 68, 65, 349, 1539, 942, 847, 1174, 1213],
      meta_dep: [800, 800, 800, 320, 800, 800, 526, 869, 811, 700, 1200, 1500],
      meta_budget_m: [800, 800, 800, 160, 800, 800, 495, 700, 700, 700, 1200, 1500],
      google_imp: [15821, 11893, 13203, 6808, 12983, 14717, 7397, 7258, 7444, 8303, 7952, 8076],
      google_clics: [2959, 2698, 2754, 1941, 2198, 2282, 1548, 1611, 1314, 1356, 1730, 1922],
      google_dep: [973, 632, 638, 313, 870, 804, 291, 286, 296, 303, 304, 300],
      google_budget_m: [800, 800, 800, 160, 800, 800, 300, 300, 300, 300, 300, 300],
      gmb_imp: [7674, 7145, 6486, 6152, 6285, 5229, 5429, 9511, 7155, 7064, 8614, 8795],
      appels: [53, 40, 36, 55, 42, 73, 41, 41, 33, 42, 42, 28],
      itineraires: [185, 189, 208, 216, 180, 137, 248, 305, 255, 231, 206, 198],
      gmb_note: [5, 5, 5, 5, 5, 5, 5, 5, 5, 5, 5, 5],
      visites: [4122, 4197, 2931, 1202, 2411, 2636, 2451, 2767, 2153, 2096, 2850, 2928],
      ca_ttc: [46533, 53503, 34124, 38475, 40186, 37810, 46130, 60113, 44241, 42645, 38904, 53826]
    },
    "Aubiere": {
      meta_imp: [262371, 264124, 69503, 222001, 227361, 250353, 45278, 281269, 241202, 257933, 330896, 424252],
      meta_clics: [1500, 2016, 949, 1911, 2557, 1788, 803, 7273, 5268, 5285, 5476, 5617],
      meta_eng: [73, 159, 467, 801, 1061, 879, 196, 1510, 1155, 1515, 2247, 3453],
      meta_dep: [288, 292, 300, 1004, 1004, 997, 142, 957, 999, 997, 1700, 2000],
      meta_budget_m: [300, 300, 300, 1000, 1000, 1000, 1000, 1000, 1000, 1000, 1700, 2000],
      google_imp: [10632, 4713, 4866, 4766, 5567, 5616, 5644, 5744, 5314, 5891, 6650, 6595],
      google_clics: [2236, 1114, 917, 781, 831, 860, 787, 839, 764, 983, 1118, 1247],
      google_dep: [608, 296, 273, 305, 311, 307, 285, 287, 293, 295, 298, 296],
      google_budget_m: [300, 300, 300, 300, 300, 300, 300, 300, 300, 300, 300, 300],
      gmb_imp: [4442, 4018, 3778, 3258, 2950, 2583, 2663, 4218, 3227, 3339, 3728, 3822],
      appels: [38, 36, 32, 54, 53, 47, 53, 33, 30, 44, 37, 41],
      itineraires: [220, 255, 186, 188, 146, 131, 221, 245, 168, 182, 168, 210],
      gmb_note: [5, 5, 5, 5, 5, 5, 5, 5, 5, 5, 5, 5],
      visites: [3621, 3394, 1903, 2005, 2671, 2145, 2150, 2991, 2646, 2778, 3403, 3248],
      ca_ttc: [51336, 59693, 38566, 36566, 41343, 31758, 41881, 53651, 44753, 51128, 45335, 61141]
    },
    "Biganos": {
      meta_imp: [350690, 279238, 62001, 75609, 120235, 123534, 145022, 168295, 138777, 149367, 113790, 135884],
      meta_clics: [1089, 1139, 276, 414, 1437, 1225, 1636, 5449, 3613, 4198, 3240, 2029],
      meta_eng: [200, 309, 478, 633, 1120, 1110, 874, 1721, 1028, 2000, 1818, 2170],
      meta_dep: [214, 310, 300, 300, 500, 500, 525, 675, 700, 700, 700, 700],
      meta_budget_m: [0, 500, 300, 300, 500, 500, 500, 700, 700, 700, 700, 700],
      google_imp: [10214, 4360, 2697, 2070, 5146, 5420, 5890, 5151, 4386, 4893, 5678, 5485],
      google_clics: [1971, 848, 614, 339, 810, 846, 913, 860, 702, 736, 867, 976],
      google_dep: [753, 711, 413, 447, 719, 720, 659, 484, 488, 492, 488, 494],
      google_budget_m: [0, 700, 300, 300, 700, 700, 700, 500, 500, 500, 500, 500],
      gmb_imp: [2278, 1983, 2248, 2118, 1949, 1781, 1869, 3024, 2097, 2263, 2934, 3432],
      appels: [17, 27, 17, 31, 25, 46, 24, 16, 15, 19, 26, 28],
      itineraires: [69, 89, 80, 109, 81, 128, 158, 166, 115, 77, 69, 138],
      gmb_note: [5, 5, 5, 5, 5, 4.9, 5, 5, 5, 5, 4.9, 5],
      visites: [2422, 1834, 1310, 1066, 1817, 1577, 1732, 1918, 1461, 1711, 1863, 1871],
      ca_ttc: [25342, 35393, 28600, 25465, 24594, 24120, 25617, 28890, 23359, 27126, 24700, 42617]
    },
    "Chambery": {
      meta_imp: [524855, 311815, 73890, 129408, 85159, 91388, 197848, 203011, 170582, 192923, 163406, 194512],
      meta_clics: [1227, 1992, 859, 1377, 1209, 1383, 2854, 7933, 6241, 5632, 5687, 3771],
      meta_eng: [58, 191, 436, 578, 873, 592, 696, 941, 919, 1077, 1400, 1683],
      meta_dep: [300, 300, 300, 500, 500, 500, 1033, 967, 868, 1099, 1000, 1000],
      meta_budget_m: [300, 300, 300, 500, 500, 500, 1000, 1000, 1000, 1000, 1000, 1000],
      google_imp: [6624, 4148, 4215, 5130, 5746, 5610, 7596, 7257, 6875, 7147, 7923, 5436],
      google_clics: [1419, 1113, 891, 901, 952, 938, 1082, 1207, 1098, 1182, 1398, 1120],
      google_dep: [304, 296, 304, 507, 512, 505, 577, 577, 591, 594, 599, 296],
      google_budget_m: [300, 300, 300, 500, 500, 500, 600, 600, 600, 500, 500, 500],
      gmb_imp: [5642, 5664, 4391, 3871, 3696, 3310, 3262, 5370, 4486, 4804, 5534, 6538],
      appels: [41, 35, 20, 27, 39, 31, 39, 36, 42, 43, 39, 40],
      itineraires: [261, 283, 169, 189, 161, 141, 230, 322, 155, 263, 258, 258],
      gmb_note: [5, 5, 4.8, 5, 4.9, 5, 5, 5, 5, 5, 5, 4.9],
      visites: [3014, 3282, 1925, 2041, 2349, 2271, 3142, 3788, 2844, 3246, 3186, 3077],
      ca_ttc: [71914, 85328, 57522, 54646, 57141, 50753, 70760, 86300, 66066, 69807, 71972, 105815]
    },
    "Grenoble": {
      meta_imp: [598855, 606300, 101183, 96740, 107562, 76438, 201550, 259322, 161273, 183944, 169781, 186444],
      meta_clics: [1764, 1822, 1939, 1531, 1665, 1134, 3761, 10272, 6362, 5687, 4613, 3565],
      meta_eng: [39, 74, 813, 625, 780, 556, 1207, 1329, 1078, 878, 936, 935],
      meta_dep: [400, 400, 300, 300, 300, 200, 468, 709, 620, 700, 700, 700],
      meta_budget_m: [400, 400, 300, 300, 300, 300, 495, 700, 700, 700, 700, 700],
      google_imp: [5856, 5990, 5670, 5777, 6210, 6329, 6087, 5863, 6551, 7088, 7198, 7250],
      google_clics: [1579, 1361, 1068, 1038, 1096, 1034, 1114, 1085, 1057, 1185, 1371, 1462],
      google_dep: [456, 392, 302, 360, 339, 300, 289, 286, 295, 299, 299, 297],
      google_budget_m: [400, 400, 300, 300, 300, 300, 300, 300, 300, 300, 300, 300],
      gmb_imp: [6084, 5704, 4988, 4636, 4229, 3914, 4019, 5900, 5234, 5397, 9740, 11011],
      appels: [63, 46, 61, 53, 72, 55, 72, 63, 52, 65, 34, 57],
      itineraires: [353, 300, 237, 203, 225, 275, 266, 350, 359, 342, 252, 322],
      gmb_note: [5, 4.9, 5, 5, 5, 5, 4.9, 5, 5, 5, 5, 5],
      visites: [3306, 3597, 2175, 2074, 2231, 2290, 2567, 2957, 2339, 2755, 2557, 2928],
      ca_ttc: [77444, 90675, 61649, 56034, 62729, 54596, 73341, 82177, 69582, 76691, 70314, 96301]
    },
    "Jacou": {
      meta_imp: [320022, 221866, 56309, 0, 0, 0, 0, 0, 0, 0, 0, 0],
      meta_clics: [1330, 1021, 348, 0, 0, 0, 0, 0, 0, 0, 0, 0],
      meta_eng: [75, 98, 391, 0, 0, 0, 0, 0, 0, 0, 0, 0],
      meta_dep: [342, 287, 300, 0, 0, 0, 0, 0, 0, 0, 0, 0],
      meta_budget_m: [300, 300, 300, 0, 0, 0, 0, 0, 0, 0, 0, 0],
      google_imp: [10116, 5151, 5832, 648, 0, 0, 0, 0, 0, 0, 0, 0],
      google_clics: [1282, 790, 763, 107, 0, 0, 0, 0, 0, 0, 0, 0],
      google_dep: [456, 305, 301, 39, 0, 0, 0, 0, 0, 0, 0, 0],
      google_budget_m: [300, 300, 300, 0, 0, 0, 0, 0, 0, 0, 0, 0],
      gmb_imp: [3053, 2948, 2645, 2108, 1856, 1692, 1991, 2767, 2182, 2328, 2359, 2385],
      appels: [24, 26, 16, 17, 25, 46, 14, 20, 17, 17, 17, 20],
      itineraires: [131, 173, 130, 106, 82, 137, 117, 160, 134, 72, 80, 93],
      gmb_note: [5, 0, 0, 1, 2.3, 5, 4.7, 0, 5, 5, 5, 4.8],
      visites: [1931, 3733, 971, 602, 491, 530, 670, 751, 523, 616, 593, 755],
      ca_ttc: [19768, 24716, 14851, 14488, 16441, 14455, 18759, 20380, 18251, 17469, 17235, 22507]
    },
    "Lyon": {
      meta_imp: [564776, 491797, 92424, 79376, 82154, 90719, 206178, 341427, 199388, 223163, 222073, 232117],
      meta_clics: [1662, 1664, 2357, 2461, 2530, 2374, 5135, 13763, 10079, 9474, 7404, 3025],
      meta_eng: [49, 81, 977, 952, 1097, 1005, 1816, 2368, 2007, 2100, 1376, 679],
      meta_dep: [300, 300, 300, 300, 300, 300, 499, 719, 745, 700, 700, 499],
      meta_budget_m: [300, 300, 300, 300, 300, 300, 495, 700, 700, 700, 700, 700],
      google_imp: [11512, 8745, 6924, 5672, 6859, 6516, 7137, 7368, 6752, 7342, 8013, 8099],
      google_clics: [2024, 1980, 1270, 1050, 1116, 1156, 1310, 1246, 1048, 1154, 1392, 1481],
      google_dep: [456, 406, 323, 285, 304, 297, 286, 286, 296, 300, 300, 295],
      google_budget_m: [400, 400, 300, 300, 300, 300, 300, 300, 300, 300, 300, 300],
      gmb_imp: [14038, 13142, 11240, 10527, 9625, 8296, 8328, 12969, 11060, 11717, 17747, 18846],
      appels: [76, 77, 62, 74, 79, 60, 78, 114, 66, 73, 91, 65],
      itineraires: [396, 490, 348, 292, 256, 326, 473, 482, 481, 475, 488, 511],
      gmb_note: [5, 4.9, 5, 5, 5, 5, 4.9, 4.9, 4.9, 5, 4.9, 5],
      visites: [4378, 6570, 4263, 3888, 3505, 3346, 4012, 4194, 3457, 3698, 3783, 3710],
      ca_ttc: [93166, 105833, 83854, 73008, 73190, 64850, 94588, 106147, 83369, 99780, 100086, 133594]
    },
    "Montelimar": {
      meta_imp: [572631, 536208, 113113, 100067, 105511, 127403, 244357, 212433, 130612, 200699, 218960, 251698],
      meta_clics: [1454, 1776, 1587, 988, 932, 1053, 4679, 8781, 5262, 5866, 5058, 4956],
      meta_eng: [50, 107, 582, 306, 337, 475, 766, 684, 486, 632, 713, 805],
      meta_dep: [412, 338, 300, 300, 300, 300, 500, 679, 547, 772, 700, 700],
      meta_budget_m: [300, 300, 300, 300, 300, 300, 495, 700, 700, 700, 700, 700],
      google_imp: [7178, 3301, 2821, 2610, 3032, 3515, 3939, 4051, 4011, 3815, 4122, 4373],
      google_clics: [1532, 926, 726, 547, 545, 606, 669, 730, 593, 659, 821, 1028],
      google_dep: [456, 311, 303, 300, 301, 303, 291, 288, 292, 300, 298, 299],
      google_budget_m: [300, 300, 300, 300, 300, 300, 300, 300, 300, 300, 300, 300],
      gmb_imp: [4251, 4062, 3849, 3572, 3340, 3056, 3165, 4919, 3785, 3919, 7337, 8074],
      appels: [39, 39, 21, 24, 37, 35, 39, 45, 43, 32, 41, 34],
      itineraires: [179, 225, 206, 197, 210, 132, 231, 323, 210, 169, 162, 208],
      gmb_note: [5, 4.8, 5, 4.9, 5, 5, 4.9, 5, 5, 5, 5, 5],
      visites: [2753, 2321, 1412, 1319, 1459, 1410, 1894, 2676, 1616, 1671, 1768, 2140],
      ca_ttc: [52613, 62914, 41063, 43024, 36400, 38753, 51945, 64211, 47554, 51605, 45667, 74157]
    },
    "Nimes": {
      meta_imp: [0, 0, 0, 0, 195936, 922665, 1022189, 616918, 401446, 417031, 350119, 363005],
      meta_clics: [0, 0, 0, 0, 1308, 4183, 5435, 6684, 3955, 3460, 3254, 2224],
      meta_eng: [0, 0, 0, 0, 222, 611, 714, 1791, 1129, 1593, 2110, 2688],
      meta_dep: [0, 0, 0, 0, 233, 917, 1038, 983, 1051, 1000, 1000, 1000],
      meta_budget_m: [0, 0, 0, 0, 0, 1000, 1000, 1000, 1000, 1000, 1000, 1000],
      google_imp: [0, 0, 0, 0, 589, 4773, 5573, 5413, 4959, 5716, 5706, 5683],
      google_clics: [0, 0, 0, 0, 99, 732, 874, 892, 724, 774, 953, 1032],
      google_dep: [0, 0, 0, 0, 60, 307, 287, 282, 290, 288, 288, 286],
      google_budget_m: [0, 0, 0, 0, 0, 300, 300, 300, 300, 300, 300, 300],
      gmb_imp: [4276, 3735, 3481, 3302, 2833, 2539, 2940, 4880, 3580, 3730, 5943, 5979],
      appels: [26, 16, 14, 16, 22, 25, 25, 48, 58, 33, 33, 55],
      itineraires: [158, 171, 135, 131, 94, 139, 156, 308, 184, 197, 195, 214],
      gmb_note: [5, 5, 0, 0, 5, 5, 5, 5, 5, 5, 5, 5],
      visites: [694, 710, 549, 565, 999, 2343, 3213, 2252, 1435, 1776, 2044, 1980],
      ca_ttc: [23017, 23673, 17136, 14508, 15510, 18207, 28084, 35994, 29285, 31254, 28455, 37569]
    },
    "Sainte-Eulalie": {
      meta_imp: [1045509, 558958, 82720, 274485, 244069, 229704, 296367, 288980, 238914, 212764, 183790, 198524],
      meta_clics: [5063, 2679, 796, 2809, 1905, 1784, 4142, 4404, 3099, 3743, 4005, 2942],
      meta_eng: [1123, 847, 642, 1712, 1284, 1224, 1900, 1397, 1361, 2407, 2523, 2388],
      meta_dep: [1003, 454, 302, 1000, 1000, 1000, 1033, 967, 894, 1105, 1000, 1000],
      meta_budget_m: [300, 300, 300, 1000, 1000, 1000, 1000, 1000, 1000, 1000, 1000, 1000],
      google_imp: [21689, 5703, 5679, 6320, 6522, 6663, 6708, 7246, 7009, 7747, 7773, 7457],
      google_clics: [3244, 1088, 1002, 980, 1004, 1027, 1023, 1060, 932, 1044, 1169, 1265],
      google_dep: [1302, 293, 258, 304, 303, 301, 308, 290, 296, 299, 297, 296],
      google_budget_m: [300, 300, 300, 300, 300, 300, 300, 300, 300, 300, 300, 300],
      gmb_imp: [4953, 4374, 4055, 3803, 3555, 3181, 3249, 4758, 3802, 4208, 4768, 4535],
      appels: [25, 60, 42, 33, 29, 40, 33, 26, 37, 56, 57, 39],
      itineraires: [134, 229, 151, 133, 124, 165, 194, 242, 185, 240, 142, 151],
      gmb_note: [5, 5, 5, 4.9, 5, 5, 5, 5, 5, 5, 5, 5],
      visites: [5187, 2909, 1836, 2365, 2677, 2493, 3426, 3088, 2494, 3206, 3206, 2910],
      ca_ttc: [38927, 43644, 33588, 30776, 31468, 30027, 37653, 45649, 37842, 45894, 38028, 52052]
    },
    "Tignieu": {
      meta_imp: [269868, 351870, 246466, 87068, 0, 0, 0, 0, 0, 0, 0, 0],
      meta_clics: [952, 2376, 1196, 523, 0, 0, 0, 0, 0, 0, 0, 0],
      meta_eng: [202, 574, 177, 353, 0, 0, 0, 0, 0, 0, 0, 0],
      meta_dep: [194, 398, 396, 400, 0, 0, 0, 0, 0, 0, 0, 0],
      meta_budget_m: [0, 400, 400, 400, 0, 0, 0, 0, 0, 0, 0, 0],
      google_imp: [6084, 3683, 4983, 4700, 660, 0, 0, 0, 0, 0, 0, 0],
      google_clics: [828, 1001, 1100, 952, 122, 0, 0, 0, 0, 0, 0, 0],
      google_dep: [456, 153, 183, 201, 29, 0, 0, 0, 0, 0, 0, 0],
      google_budget_m: [0, 200, 200, 200, 0, 0, 0, 0, 0, 0, 0, 0],
      gmb_imp: [4852, 4646, 4262, 3489, 3487, 2715, 1592, 2523, 336, 96, 102, 88],
      appels: [21, 16, 23, 12, 21, 27, 52, 55, 17, 17, 6, 13],
      itineraires: [127, 139, 94, 78, 126, 99, 77, 61, 25, 70, 45, 26],
      gmb_note: [0, 5, 4.9, 5, 5, 0, 4, 0, 0, 0, 0, 0],
      visites: [1255, 1906, 1589, 1217, 570, 553, 488, 478, 89, 3, 0, 2],
      ca_ttc: [17126, 26780, 14195, 15466, 13460, 10918, 350, 0, 0, 0, 0, 0]
    },
    "Valence": {
      meta_imp: [434945, 530523, 114639, 101255, 0, 260585, 198864, 92579, 79941, 65622, 63842, 70757],
      meta_clics: [2071, 3575, 1478, 1746, 0, 3955, 2767, 5409, 4510, 2837, 1547, 1343],
      meta_eng: [98, 151, 556, 533, 0, 1263, 878, 847, 691, 422, 231, 237],
      meta_dep: [719, 734, 300, 300, 0, 600, 402, 392, 449, 400, 400, 400],
      meta_budget_m: [800, 400, 300, 300, 300, 300, 400, 400, 500, 400, 400, 400],
      google_imp: [5435, 4051, 4617, 4382, 4722, 4643, 4960, 5329, 4893, 5157, 5771, 5769],
      google_clics: [2727, 1342, 1014, 817, 803, 855, 909, 1046, 789, 928, 1223, 1397],
      google_dep: [1217, 402, 335, 299, 302, 297, 291, 289, 294, 297, 296, 294],
      google_budget_m: [800, 400, 300, 300, 300, 300, 300, 300, 300, 300, 300, 300],
      gmb_imp: [5573, 5746, 5287, 4862, 5144, 4661, 4179, 6371, 5019, 5524, 11966, 12840],
      appels: [72, 69, 64, 56, 55, 74, 49, 79, 37, 46, 65, 69],
      itineraires: [207, 206, 193, 151, 229, 219, 257, 290, 255, 223, 213, 257],
      gmb_note: [4.8, 5, 4.9, 4.9, 4.9, 5, 5, 5, 4.9, 5, 5, 4.9],
      visites: [4011, 4142, 2018, 2117, 2188, 2121, 2452, 2919, 1872, 2266, 2258, 2681],
      ca_ttc: [76188, 91127, 70826, 56897, 65931, 66099, 84102, 87033, 73335, 91818, 88410, 111244]
    },
    "Salaise": {
      meta_imp: [211752, 247435, 123683, 107207, 189314, 188982, 768615, 344512, 305051, 287232, 216110, 248784],
      meta_clics: [966, 1278, 898, 829, 1926, 1902, 5071, 5783, 4301, 3906, 3654, 2764],
      meta_eng: [502, 233, 813, 589, 448, 484, 1091, 971, 891, 1007, 817, 1420],
      meta_dep: [273, 398, 608, 399, 620, 533, 1581, 819, 800, 800, 800, 900],
      meta_budget_m: [0, 400, 400, 400, 600, 600, 800, 800, 800, 800, 900, 900],
      google_imp: [9388, 3144, 2820, 3272, 5454, 4558, 5247, 6473, 6083, 6818, 7454, 7023],
      google_clics: [2087, 769, 612, 600, 852, 821, 900, 1115, 899, 994, 1296, 1459],
      google_dep: [456, 285, 203, 202, 347, 300, 299, 386, 389, 396, 396, 391],
      google_budget_m: [0, 200, 200, 200, 200, 200, 400, 400, 400, 400, 500, 500],
      gmb_imp: [3938, 4615, 4629, 4419, 3920, 3336, 3220, 4665, 3641, 3971, 6828, 7029],
      appels: [21, 27, 21, 26, 45, 24, 21, 30, 35, 36, 45, 50],
      itineraires: [119, 129, 113, 108, 89, 97, 140, 202, 173, 167, 212, 259],
      gmb_note: [5, 5, 5, 5, 5, 5, 5, 5, 5, 5, 4.5, 5],
      visites: [2225, 1914, 1036, 1181, 1534, 1535, 2254, 2316, 1907, 1999, 2294, 2344],
      ca_ttc: [36444, 42843, 33661, 28455, 29569, 26436, 39580, 39106, 36298, 36216, 35440, 52813]
    },
    "Villefranche": {
      meta_imp: [391723, 370079, 169977, 237972, 395245, 454540, 535617, 428935, 337425, 349373, 209941, 256460],
      meta_clics: [2229, 2492, 1866, 2323, 2050, 1704, 2203, 6596, 5517, 4698, 4463, 3189],
      meta_eng: [104, 309, 858, 1203, 914, 738, 711, 1006, 1132, 1474, 1588, 1631],
      meta_dep: [776, 735, 800, 1000, 1003, 997, 1020, 883, 1000, 997, 900, 1000],
      meta_budget_m: [800, 800, 800, 1000, 1000, 1000, 1000, 1000, 1000, 900, 900, 1000],
      google_imp: [4489, 8639, 12431, 11552, 12683, 13035, 13106, 12377, 12629, 13892, 13798, 13022],
      google_clics: [1286, 1855, 2183, 1889, 1913, 1976, 2041, 2045, 1774, 1930, 2305, 2730],
      google_dep: [456, 614, 636, 606, 617, 604, 613, 573, 578, 580, 580, 578],
      google_budget_m: [400, 600, 600, 600, 600, 600, 600, 600, 600, 700, 700, 600],
      gmb_imp: [5202, 5028, 4400, 4339, 4148, 3490, 3520, 4962, 3906, 4084, 5936, 6721],
      appels: [35, 45, 30, 18, 49, 21, 25, 32, 30, 104, 42, 34],
      itineraires: [199, 252, 210, 136, 150, 154, 148, 265, 205, 194, 212, 244],
      gmb_note: [5, 5, 5, 5, 5, 4.9, 5, 5, 5, 5, 5, 5],
      visites: [2021, 3108, 2389, 2594, 2864, 2676, 2978, 2929, 2588, 3192, 3493, 3758],
      ca_ttc: [44202, 42843, 43257, 35605, 45264, 34631, 43491, 51196, 38806, 42534, 42295, 71855]
    }
  },
  "2026": {
    "Avignon Nord": {
      meta_imp: [407698, 358532, 0, 0, 0, 0, 0, 0, 0, 0, 0, 0],
      meta_clics: [3700, 3348, 0, 0, 0, 0, 0, 0, 0, 0, 0, 0],
      meta_eng: [704, 703, 0, 0, 0, 0, 0, 0, 0, 0, 0, 0],
      meta_dep: [698, 783, 0, 0, 0, 0, 0, 0, 0, 0, 0, 0],
      meta_budget_m: [700, 1500, 700, 0, 0, 0, 0, 0, 0, 0, 0, 0],
      google_imp: [7266, 4068, 0, 0, 0, 0, 0, 0, 0, 0, 0, 0],
      google_clics: [1715, 998, 0, 0, 0, 0, 0, 0, 0, 0, 0, 0],
      google_dep: [293, 161, 0, 0, 0, 0, 0, 0, 0, 0, 0, 0],
      google_budget_m: [300, 300, 300, 0, 0, 0, 0, 0, 0, 0, 0, 0],
      gmb_imp: [13566, 7370, 0, 0, 0, 0, 0, 0, 0, 0, 0, 0],
      appels: [54, 35, 0, 0, 0, 0, 0, 0, 0, 0, 0, 0],
      itineraires: [309, 190, 0, 0, 0, 0, 0, 0, 0, 0, 0, 0],
      gmb_note: [5, 5, 0, 0, 0, 0, 0, 0, 0, 0, 0, 0],
      visites: [2893, 2015, 0, 0, 0, 0, 0, 0, 0, 0, 0, 0],
      ca_ttc: [126565, 62300, 0, 0, 0, 0, 0, 0, 0, 0, 0, 0]
    },
    "Avignon Sud": {
      meta_imp: [424498, 337236, 0, 0, 0, 0, 0, 0, 0, 0, 0, 0],
      meta_clics: [3719, 2522, 0, 0, 0, 0, 0, 0, 0, 0, 0, 0],
      meta_eng: [766, 494, 0, 0, 0, 0, 0, 0, 0, 0, 0, 0],
      meta_dep: [687, 779, 0, 0, 0, 0, 0, 0, 0, 0, 0, 0],
      meta_budget_m: [700, 1500, 700, 0, 0, 0, 0, 0, 0, 0, 0, 0],
      google_imp: [7726, 4078, 0, 0, 0, 0, 0, 0, 0, 0, 0, 0],
      google_clics: [1725, 935, 0, 0, 0, 0, 0, 0, 0, 0, 0, 0],
      google_dep: [303, 163, 0, 0, 0, 0, 0, 0, 0, 0, 0, 0],
      google_budget_m: [300, 300, 300, 0, 0, 0, 0, 0, 0, 0, 0, 0],
      gmb_imp: [8432, 4670, 0, 0, 0, 0, 0, 0, 0, 0, 0, 0],
      appels: [50, 29, 0, 0, 0, 0, 0, 0, 0, 0, 0, 0],
      itineraires: [172, 107, 0, 0, 0, 0, 0, 0, 0, 0, 0, 0],
      gmb_note: [4.9, 4.7, 0, 0, 0, 0, 0, 0, 0, 0, 0, 0],
      visites: [2248, 1352, 0, 0, 0, 0, 0, 0, 0, 0, 0, 0],
      ca_ttc: [44169, 24990, 0, 0, 0, 0, 0, 0, 0, 0, 0, 0]
    },
    "Aubiere": {
      meta_imp: [284207, 268236, 0, 0, 0, 0, 0, 0, 0, 0, 0, 0],
      meta_clics: [7587, 3082, 0, 0, 0, 0, 0, 0, 0, 0, 0, 0],
      meta_eng: [1829, 1324, 0, 0, 0, 0, 0, 0, 0, 0, 0, 0],
      meta_dep: [1000, 1151, 0, 0, 0, 0, 0, 0, 0, 0, 0, 0],
      meta_budget_m: [1000, 2000, 0, 0, 0, 0, 0, 0, 0, 0, 0, 0],
      google_imp: [6708, 3634, 0, 0, 0, 0, 0, 0, 0, 0, 0, 0],
      google_clics: [1153, 807, 0, 0, 0, 0, 0, 0, 0, 0, 0, 0],
      google_dep: [298, 170, 0, 0, 0, 0, 0, 0, 0, 0, 0, 0],
      google_budget_m: [300, 300, 0, 0, 0, 0, 0, 0, 0, 0, 0, 0],
      gmb_imp: [3476, 1648, 0, 0, 0, 0, 0, 0, 0, 0, 0, 0],
      appels: [38, 15, 0, 0, 0, 0, 0, 0, 0, 0, 0, 0],
      itineraires: [248, 126, 0, 0, 0, 0, 0, 0, 0, 0, 0, 0],
      gmb_note: [5, 4.8, 0, 0, 0, 0, 0, 0, 0, 0, 0, 0],
      visites: [2932, 1958, 0, 0, 0, 0, 0, 0, 0, 0, 0, 0],
      ca_ttc: [49607, 25518, 0, 0, 0, 0, 0, 0, 0, 0, 0, 0]
    },
    "Biganos": {
      meta_imp: [161071, 88144, 0, 0, 0, 0, 0, 0, 0, 0, 0, 0],
      meta_clics: [3890, 1138, 0, 0, 0, 0, 0, 0, 0, 0, 0, 0],
      meta_eng: [1419, 885, 0, 0, 0, 0, 0, 0, 0, 0, 0, 0],
      meta_dep: [700, 415, 0, 0, 0, 0, 0, 0, 0, 0, 0, 0],
      meta_budget_m: [700, 700, 200, 200, 200, 0, 0, 0, 0, 0, 0, 0],
      google_imp: [5328, 2756, 0, 0, 0, 0, 0, 0, 0, 0, 0, 0],
      google_clics: [898, 505, 0, 0, 0, 0, 0, 0, 0, 0, 0, 0],
      google_dep: [494, 272, 0, 0, 0, 0, 0, 0, 0, 0, 0, 0],
      google_budget_m: [500, 500, 0, 0, 0, 0, 0, 0, 0, 0, 0, 0],
      gmb_imp: [3153, 1530, 0, 0, 0, 0, 0, 0, 0, 0, 0, 0],
      appels: [24, 11, 0, 0, 0, 0, 0, 0, 0, 0, 0, 0],
      itineraires: [106, 43, 0, 0, 0, 0, 0, 0, 0, 0, 0, 0],
      gmb_note: [5, 5, 0, 0, 0, 0, 0, 0, 0, 0, 0, 0],
      visites: [1691, 1007, 0, 0, 0, 0, 0, 0, 0, 0, 0, 0],
      ca_ttc: [30396, 12896, 0, 0, 0, 0, 0, 0, 0, 0, 0, 0]
    },
    "Chambery": {
      meta_imp: [235592, 125788, 0, 0, 0, 0, 0, 0, 0, 0, 0, 0],
      meta_clics: [7988, 2811, 0, 0, 0, 0, 0, 0, 0, 0, 0, 0],
      meta_eng: [1478, 532, 0, 0, 0, 0, 0, 0, 0, 0, 0, 0],
      meta_dep: [1000, 576, 0, 0, 0, 0, 0, 0, 0, 0, 0, 0],
      meta_budget_m: [1000, 1000, 1000, 0, 0, 0, 0, 0, 0, 0, 0, 0],
      google_imp: [5097, 3831, 0, 0, 0, 0, 0, 0, 0, 0, 0, 0],
      google_clics: [988, 949, 0, 0, 0, 0, 0, 0, 0, 0, 0, 0],
      google_dep: [274, 265, 0, 0, 0, 0, 0, 0, 0, 0, 0, 0],
      google_budget_m: [500, 500, 500, 0, 0, 0, 0, 0, 0, 0, 0, 0],
      gmb_imp: [6703, 3515, 0, 0, 0, 0, 0, 0, 0, 0, 0, 0],
      appels: [30, 17, 0, 0, 0, 0, 0, 0, 0, 0, 0, 0],
      itineraires: [297, 156, 0, 0, 0, 0, 0, 0, 0, 0, 0, 0],
      gmb_note: [5, 4.7, 0, 0, 0, 0, 0, 0, 0, 0, 0, 0],
      visites: [2964, 2083, 0, 0, 0, 0, 0, 0, 0, 0, 0, 0],
      ca_ttc: [84722, 38478, 0, 0, 0, 0, 0, 0, 0, 0, 0, 0]
    },
    "Grenoble": {
      meta_imp: [213445, 102769, 0, 0, 0, 0, 0, 0, 0, 0, 0, 0],
      meta_clics: [2964, 1392, 0, 0, 0, 0, 0, 0, 0, 0, 0, 0],
      meta_eng: [859, 279, 0, 0, 0, 0, 0, 0, 0, 0, 0, 0],
      meta_dep: [700, 400, 0, 0, 0, 0, 0, 0, 0, 0, 0, 0],
      meta_budget_m: [700, 700, 700, 0, 0, 0, 0, 0, 0, 0, 0, 0],
      google_imp: [7008, 3612, 0, 0, 0, 0, 0, 0, 0, 0, 0, 0],
      google_clics: [1407, 840, 0, 0, 0, 0, 0, 0, 0, 0, 0, 0],
      google_dep: [297, 169, 0, 0, 0, 0, 0, 0, 0, 0, 0, 0],
      google_budget_m: [300, 300, 300, 0, 0, 0, 0, 0, 0, 0, 0, 0],
      gmb_imp: [10987, 5020, 0, 0, 0, 0, 0, 0, 0, 0, 0, 0],
      appels: [61, 16, 0, 0, 0, 0, 0, 0, 0, 0, 0, 0],
      itineraires: [311, 172, 0, 0, 0, 0, 0, 0, 0, 0, 0, 0],
      gmb_note: [5, 5, 0, 0, 0, 0, 0, 0, 0, 0, 0, 0],
      visites: [2691, 1609, 0, 0, 0, 0, 0, 0, 0, 0, 0, 0],
      ca_ttc: [77611, 39321, 0, 0, 0, 0, 0, 0, 0, 0, 0, 0]
    },
    "Jacou": {
      meta_imp: [0, 0, 0, 0, 0, 0, 0, 0, 0, 0, 0, 0],
      meta_clics: [0, 0, 0, 0, 0, 0, 0, 0, 0, 0, 0, 0],
      meta_eng: [0, 0, 0, 0, 0, 0, 0, 0, 0, 0, 0, 0],
      meta_dep: [0, 0, 0, 0, 0, 0, 0, 0, 0, 0, 0, 0],
      meta_budget_m: [0, 0, 0, 0, 0, 0, 0, 0, 0, 0, 0, 0],
      google_imp: [0, 0, 0, 0, 0, 0, 0, 0, 0, 0, 0, 0],
      google_clics: [0, 0, 0, 0, 0, 0, 0, 0, 0, 0, 0, 0],
      google_dep: [0, 0, 0, 0, 0, 0, 0, 0, 0, 0, 0, 0],
      google_budget_m: [0, 0, 0, 0, 0, 0, 0, 0, 0, 0, 0, 0],
      gmb_imp: [2100, 1001, 0, 0, 0, 0, 0, 0, 0, 0, 0, 0],
      appels: [38, 13, 0, 0, 0, 0, 0, 0, 0, 0, 0, 0],
      itineraires: [85, 37, 0, 0, 0, 0, 0, 0, 0, 0, 0, 0],
      gmb_note: [5, 5, 0, 0, 0, 0, 0, 0, 0, 0, 0, 0],
      visites: [576, 1038, 0, 0, 0, 0, 0, 0, 0, 0, 0, 0],
      ca_ttc: [20336, 8920, 0, 0, 0, 0, 0, 0, 0, 0, 0, 0]
    },
    "Lyon": {
      meta_imp: [340344, 162388, 0, 0, 0, 0, 0, 0, 0, 0, 0, 0],
      meta_clics: [6664, 3138, 0, 0, 0, 0, 0, 0, 0, 0, 0, 0],
      meta_eng: [2557, 933, 0, 0, 0, 0, 0, 0, 0, 0, 0, 0],
      meta_dep: [900, 385, 0, 0, 0, 0, 0, 0, 0, 0, 0, 0],
      meta_budget_m: [700, 700, 700, 0, 0, 0, 0, 0, 0, 0, 0, 0],
      google_imp: [8622, 4151, 0, 0, 0, 0, 0, 0, 0, 0, 0, 0],
      google_clics: [1568, 860, 0, 0, 0, 0, 0, 0, 0, 0, 0, 0],
      google_dep: [300, 161, 0, 0, 0, 0, 0, 0, 0, 0, 0, 0],
      google_budget_m: [300, 300, 300, 0, 0, 0, 0, 0, 0, 0, 0, 0],
      gmb_imp: [18434, 8679, 0, 0, 0, 0, 0, 0, 0, 0, 0, 0],
      appels: [57, 38, 0, 0, 0, 0, 0, 0, 0, 0, 0, 0],
      itineraires: [458, 222, 0, 0, 0, 0, 0, 0, 0, 0, 0, 0],
      gmb_note: [5, 5, 0, 0, 0, 0, 0, 0, 0, 0, 0, 0],
      visites: [3794, 2337, 0, 0, 0, 0, 0, 0, 0, 0, 0, 0],
      ca_ttc: [108507, 47431, 0, 0, 0, 0, 0, 0, 0, 0, 0, 0]
    },
    "Montelimar": {
      meta_imp: [297516, 145778, 0, 0, 0, 0, 0, 0, 0, 0, 0, 0],
      meta_clics: [5218, 2154, 0, 0, 0, 0, 0, 0, 0, 0, 0, 0],
      meta_eng: [848, 237, 0, 0, 0, 0, 0, 0, 0, 0, 0, 0],
      meta_dep: [700, 407, 0, 0, 0, 0, 0, 0, 0, 0, 0, 0],
      meta_budget_m: [700, 700, 700, 0, 0, 0, 0, 0, 0, 0, 0, 0],
      google_imp: [4006, 2427, 0, 0, 0, 0, 0, 0, 0, 0, 0, 0],
      google_clics: [810, 547, 0, 0, 0, 0, 0, 0, 0, 0, 0, 0],
      google_dep: [301, 168, 0, 0, 0, 0, 0, 0, 0, 0, 0, 0],
      google_budget_m: [300, 300, 300, 0, 0, 0, 0, 0, 0, 0, 0, 0],
      gmb_imp: [7947, 4257, 0, 0, 0, 0, 0, 0, 0, 0, 0, 0],
      appels: [46, 13, 0, 0, 0, 0, 0, 0, 0, 0, 0, 0],
      itineraires: [158, 103, 0, 0, 0, 0, 0, 0, 0, 0, 0, 0],
      gmb_note: [5, 4.9, 0, 0, 0, 0, 0, 0, 0, 0, 0, 0],
      visites: [1620, 1152, 0, 0, 0, 0, 0, 0, 0, 0, 0, 0],
      ca_ttc: [50904, 27044, 0, 0, 0, 0, 0, 0, 0, 0, 0, 0]
    },
    "Nimes": {
      meta_imp: [548022, 263686, 0, 0, 0, 0, 0, 0, 0, 0, 0, 0],
      meta_clics: [4785, 1092, 0, 0, 0, 0, 0, 0, 0, 0, 0, 0],
      meta_eng: [23925, 759, 0, 0, 0, 0, 0, 0, 0, 0, 0, 0],
      meta_dep: [1000, 572, 0, 0, 0, 0, 0, 0, 0, 0, 0, 0],
      meta_budget_m: [1000, 1000, 1000, 0, 0, 0, 0, 0, 0, 0, 0, 0],
      google_imp: [5773, 3032, 0, 0, 0, 0, 0, 0, 0, 0, 0, 0],
      google_clics: [1003, 624, 0, 0, 0, 0, 0, 0, 0, 0, 0, 0],
      google_dep: [289, 160, 0, 0, 0, 0, 0, 0, 0, 0, 0, 0],
      google_budget_m: [300, 300, 300, 0, 0, 0, 0, 0, 0, 0, 0, 0],
      gmb_imp: [6356, 3374, 0, 0, 0, 0, 0, 0, 0, 0, 0, 0],
      appels: [41, 33, 0, 0, 0, 0, 0, 0, 0, 0, 0, 0],
      itineraires: [218, 144, 0, 0, 0, 0, 0, 0, 0, 0, 0, 0],
      gmb_note: [5, 5, 0, 0, 0, 0, 0, 0, 0, 0, 0, 0],
      visites: [1926, 1121, 0, 0, 0, 0, 0, 0, 0, 0, 0, 0],
      ca_ttc: [29858, 16954, 0, 0, 0, 0, 0, 0, 0, 0, 0, 0]
    },
    "Sainte-Eulalie": {
      meta_imp: [241936, 131156, 0, 0, 0, 0, 0, 0, 0, 0, 0, 0],
      meta_clics: [4949, 1802, 0, 0, 0, 0, 0, 0, 0, 0, 0, 0],
      meta_eng: [2187, 598, 0, 0, 0, 0, 0, 0, 0, 0, 0, 0],
      meta_dep: [1000, 577, 0, 0, 0, 0, 0, 0, 0, 0, 0, 0],
      meta_budget_m: [1000, 1000, 1000, 0, 0, 0, 0, 0, 0, 0, 0, 0],
      google_imp: [7217, 3250, 0, 0, 0, 0, 0, 0, 0, 0, 0, 0],
      google_clics: [1251, 726, 0, 0, 0, 0, 0, 0, 0, 0, 0, 0],
      google_dep: [297, 162, 0, 0, 0, 0, 0, 0, 0, 0, 0, 0],
      google_budget_m: [300, 300, 300, 0, 0, 0, 0, 0, 0, 0, 0, 0],
      gmb_imp: [4273, 2087, 0, 0, 0, 0, 0, 0, 0, 0, 0, 0],
      appels: [35, 21, 0, 0, 0, 0, 0, 0, 0, 0, 0, 0],
      itineraires: [152, 90, 0, 0, 0, 0, 0, 0, 0, 0, 0, 0],
      gmb_note: [5, 5, 0, 0, 0, 0, 0, 0, 0, 0, 0, 0],
      visites: [2990, 1647, 0, 0, 0, 0, 0, 0, 0, 0, 0, 0],
      ca_ttc: [43871, 18719, 0, 0, 0, 0, 0, 0, 0, 0, 0, 0]
    },
    "Tignieu": {
      meta_imp: [0, 0, 0, 0, 0, 0, 0, 0, 0, 0, 0, 0],
      meta_clics: [0, 0, 0, 0, 0, 0, 0, 0, 0, 0, 0, 0],
      meta_eng: [0, 0, 0, 0, 0, 0, 0, 0, 0, 0, 0, 0],
      meta_dep: [0, 0, 0, 0, 0, 0, 0, 0, 0, 0, 0, 0],
      meta_budget_m: [0, 0, 0, 0, 0, 0, 0, 0, 0, 0, 0, 0],
      google_imp: [0, 0, 0, 0, 0, 0, 0, 0, 0, 0, 0, 0],
      google_clics: [0, 0, 0, 0, 0, 0, 0, 0, 0, 0, 0, 0],
      google_dep: [0, 0, 0, 0, 0, 0, 0, 0, 0, 0, 0, 0],
      google_budget_m: [0, 0, 0, 0, 0, 0, 0, 0, 0, 0, 0, 0],
      gmb_imp: [111, 45, 0, 0, 0, 0, 0, 0, 0, 0, 0, 0],
      appels: [16, 6, 0, 0, 0, 0, 0, 0, 0, 0, 0, 0],
      itineraires: [53, 24, 0, 0, 0, 0, 0, 0, 0, 0, 0, 0],
      gmb_note: [0, 0, 0, 0, 0, 0, 0, 0, 0, 0, 0, 0],
      visites: [1, 0, 0, 0, 0, 0, 0, 0, 0, 0, 0, 0],
      ca_ttc: [0, 0, 0, 0, 0, 0, 0, 0, 0, 0, 0, 0]
    },
    "Valence": {
      meta_imp: [71825, 53936, 0, 0, 0, 0, 0, 0, 0, 0, 0, 0],
      meta_clics: [1879, 1067, 0, 0, 0, 0, 0, 0, 0, 0, 0, 0],
      meta_eng: [177, 75, 0, 0, 0, 0, 0, 0, 0, 0, 0, 0],
      meta_dep: [400, 232, 0, 0, 0, 0, 0, 0, 0, 0, 0, 0],
      meta_budget_m: [400, 400, 400, 0, 0, 0, 0, 0, 0, 0, 0, 0],
      google_imp: [5464, 2683, 0, 0, 0, 0, 0, 0, 0, 0, 0, 0],
      google_clics: [1212, 690, 0, 0, 0, 0, 0, 0, 0, 0, 0, 0],
      google_dep: [297, 163, 0, 0, 0, 0, 0, 0, 0, 0, 0, 0],
      google_budget_m: [300, 300, 300, 0, 0, 0, 0, 0, 0, 0, 0, 0],
      gmb_imp: [13251, 7173, 0, 0, 0, 0, 0, 0, 0, 0, 0, 0],
      appels: [49, 26, 0, 0, 0, 0, 0, 0, 0, 0, 0, 0],
      itineraires: [174, 103, 0, 0, 0, 0, 0, 0, 0, 0, 0, 0],
      gmb_note: [5, 5, 0, 0, 0, 0, 0, 0, 0, 0, 0, 0],
      visites: [2121, 1415, 0, 0, 0, 0, 0, 0, 0, 0, 0, 0],
      ca_ttc: [81944, 44049, 0, 0, 0, 0, 0, 0, 0, 0, 0, 0]
    },
    "Salaise": {
      meta_imp: [277040, 404263, 0, 0, 0, 0, 0, 0, 0, 0, 0, 0],
      meta_clics: [2472, 1944, 0, 0, 0, 0, 0, 0, 0, 0, 0, 0],
      meta_eng: [819, 716, 0, 0, 0, 0, 0, 0, 0, 0, 0, 0],
      meta_dep: [691, 1009, 0, 0, 0, 0, 0, 0, 0, 0, 0, 0],
      meta_budget_m: [700, 1800, 500, 400, 900, 400, 1200, 1300, 800, 700, 700, 1800],
      google_imp: [6379, 6353, 0, 0, 0, 0, 0, 0, 0, 0, 0, 0],
      google_clics: [1189, 1202, 0, 0, 0, 0, 0, 0, 0, 0, 0, 0],
      google_dep: [325, 544, 0, 0, 0, 0, 0, 0, 0, 0, 0, 0],
      google_budget_m: [300, 1000, 300, 200, 500, 200, 600, 600, 300, 300, 300, 1000],
      gmb_imp: [7174, 4435, 0, 0, 0, 0, 0, 0, 0, 0, 0, 0],
      appels: [53, 10, 0, 0, 0, 0, 0, 0, 0, 0, 0, 0],
      itineraires: [197, 109, 0, 0, 0, 0, 0, 0, 0, 0, 0, 0],
      gmb_note: [4.9, 5, 0, 0, 0, 0, 0, 0, 0, 0, 0, 0],
      visites: [1976, 1804, 0, 0, 0, 0, 0, 0, 0, 0, 0, 0],
      ca_ttc: [34620, 17244, 0, 0, 0, 0, 0, 0, 0, 0, 0, 0]
    },
    "Villefranche": {
      meta_imp: [209838, 210714, 0, 0, 0, 0, 0, 0, 0, 0, 0, 0],
      meta_clics: [4212, 1397, 0, 0, 0, 0, 0, 0, 0, 0, 0, 0],
      meta_eng: [1131, 585, 0, 0, 0, 0, 0, 0, 0, 0, 0, 0],
      meta_dep: [500, 582, 0, 0, 0, 0, 0, 0, 0, 0, 0, 0],
      meta_budget_m: [500, 1000, 700, 700, 500, 700, 500, 1000, 500, 700, 700, 1000],
      google_imp: [7531, 5562, 0, 0, 0, 0, 0, 0, 0, 0, 0, 0],
      google_clics: [1608, 1270, 0, 0, 0, 0, 0, 0, 0, 0, 0, 0],
      google_dep: [312, 267, 0, 0, 0, 0, 0, 0, 0, 0, 0, 0],
      google_budget_m: [300, 500, 300, 300, 300, 300, 300, 500, 300, 300, 300, 500],
      gmb_imp: [6788, 3132, 0, 0, 0, 0, 0, 0, 0, 0, 0, 0],
      appels: [38, 11, 0, 0, 0, 0, 0, 0, 0, 0, 0, 0],
      itineraires: [272, 132, 0, 0, 0, 0, 0, 0, 0, 0, 0, 0],
      gmb_note: [5, 5, 0, 0, 0, 0, 0, 0, 0, 0, 0, 0],
      visites: [2587, 1893, 0, 0, 0, 0, 0, 0, 0, 0, 0, 0],
      ca_ttc: [42954, 17244, 0, 0, 0, 0, 0, 0, 0, 0, 0, 0]
    }
  }
};